Problem:   TREE_NET
Dimension: 64
Ants:      10
alpha:     1.0
beta:      2.0
rho:       0.5
max_iters: 20
flag:      AS
Cnn:       711.231056256
Tau max:   0.00281202568758
Tau min:   2.19689506843e-05
Tau 0:     0.0140601284379
Colony:
Ant:
 UID:     5087
 Type:    TREE_NET
 Tour:    [24 17 32 18 40 39 12 11 45 46 23  8 52 33 50 25 26 31 44 56  5  7 37 13 59
 20 57  2 55 34  9 54 47  0 27 19 42  3 49 16  6 30 38  1 41 35 51  4 43 61
 10 60 58 15 62 36 53 22 48 14 28 29 21 63]
 Visited: [1 1 1 1 1 1 1 1 1 1 1 1 1 1 1 1 1 1 1 1 1 1 1 1 1 1 1 1 1 1 1 1 1 1 1 1 1
 1 1 1 1 1 1 1 1 1 1 1 1 1 1 1 1 1 1 1 1 1 1 1 1 1 1 1]
 Arcs:    [941, 1243, 986, 1527, 1526, 694, 643, 1721, 1745, 940, 479, 1868, 1557, 1849, 1281, 1319, 1495, 1831, 1953, 307, 424, 1671, 745, 1990, 1075, 1954, 127, 1929, 1320, 534, 1928, 1884, 1, 1076, 1032, 1588, 189, 1915, 642, 188, 1202, 1706, 64, 1587, 1357, 1867, 126, 1811, 2007, 366, 1997, 2003, 589, 2008, 1644, 1885, 893, 1900, 535, 1393, 1161, 1119, 2015] (tree-like network)
 Tour length: 642.360679775

Ant:
 UID:     5088
 Type:    TREE_NET
 Tour:    [29 21 36 22 43 37 30 44 38 16 49 31 23 39 15 10 50 17  6 54 45 46 11 32 40
 51 55  3 56 33 24 47 41 28 18 52  7 25 13 53  1 58 19  8 60 14 62 57 61 12
 63 59  5  9 34 26 20 42  0 35  2 27  4 48]
 Visited: [1 1 1 1 1 1 1 1 1 1 1 1 1 1 1 1 1 1 1 1 1 1 1 1 1 1 1 1 1 1 1 1 1 1 1 1 1
 1 1 1 1 1 1 1 1 1 1 1 1 1 1 1 1 1 1 1 1 1 1 1 1 1 1 1]
 Arcs:    [1120, 1427, 1161, 1644, 1670, 1162, 1671, 1696, 893, 1811, 1494, 894, 1495, 845, 590, 1831, 948, 366, 1928, 1849, 1722, 367, 1526, 1745, 1867, 1941, 188, 1942, 1557, 941, 1746, 1558, 1119, 986, 1953, 423, 987, 745, 1885, 64, 1982, 1031, 480, 1991, 795, 2011, 1954, 2003, 694, 2015, 1990, 307, 535, 1587, 1319, 1075, 1588, 0, 1581, 1, 1357, 248, 1900] (tree-like network)
 Tour length: 638.284271247

Ant:
 UID:     5089
 Type:    TREE_NET
 Tour:    [32 25 19 18 33 39 45 41 13  8 50 55 51 59 56 31 14 47 46 23 40  9 34 30 12
 52 58 38 62 26 60 17 24 20 42 27  7 11 53 44 63 57 48 37 54 49 16  3 35 43
  6 61 10 36 29  5 22  1 21 15 28  2  4  0]
 Visited: [1 1 1 1 1 1 1 1 1 1 1 1 1 1 1 1 1 1 1 1 1 1 1 1 1 1 1 1 1 1 1 1 1 1 1 1 1
 1 1 1 1 1 1 1 1 1 1 1 1 1 1 1 1 1 1 1 1 1 1 1 1 1 1 1]
 Arcs:    [1281, 1031, 987, 1282, 1526, 1721, 1558, 746, 480, 1849, 1929, 1850, 1983, 1942, 1495, 795, 1768, 1867, 1203, 1557, 535, 1587, 1202, 479, 1884, 1982, 1494, 2008, 1319, 2011, 694, 941, 1075, 1588, 1076, 424, 423, 1885, 1696, 2015, 1997, 1900, 1665, 1928, 1830, 894, 189, 1616, 1811, 188, 2014, 366, 1644, 1427, 308, 1162, 64, 1120, 845, 1119, 127, 126, 1] (tree-like network)
 Tour length: 634.142135624

Ant:
 UID:     5090
 Type:    TREE_NET
 Tour:    [ 9 13  5 14 19 25  8  2 32  0  1  4 24  3  7 33 40 20 18  6 10 17 11 26 12
 16 39 31 45 27 34 46 52 56 22 30 47 51 29 55 53 59 23 15 36 62 37 48 50 57
 41 63 42 54 60 58 21 43 35 28 38 61 49 44]
 Visited: [1 1 1 1 1 1 1 1 1 1 1 1 1 1 1 1 1 1 1 1 1 1 1 1 1 1 1 1 1 1 1 1 1 1 1 1 1
 1 1 1 1 1 1 1 1 1 1 1 1 1 1 1 1 1 1 1 1 1 1 1 1 1 1 1]
 Arcs:    [534, 308, 535, 746, 1031, 307, 127, 1281, 1, 0, 249, 1243, 64, 248, 1282, 1557, 796, 986, 188, 366, 941, 423, 1319, 694, 590, 1526, 1495, 1721, 1076, 1320, 1745, 1868, 1953, 893, 1162, 1746, 1942, 1161, 1941, 1950, 1983, 940, 846, 1427, 2008, 1428, 1900, 1929, 1964, 1768, 2015, 1790, 1928, 1997, 1982, 1120, 1644, 1357, 1393, 1494, 2014, 1915, 1696] (tree-like network)
 Tour length: 634.142135624

Ant:
 UID:     5091
 Type:    TREE_NET
 Tour:    [ 3  6  1 11  7 10  4  0  2  5  9 15 16  8 13 14 20 12 27 26 18 21 19 35 23
 25 33 22 29 17 34 32 40 42 24 30 46 31 47 51 41 45 48 28 52 39 53 55 36 50
 56 59 37 57 43 62 44 49 38 54 58 60 61 63]
 Visited: [1 1 1 1 1 1 1 1 1 1 1 1 1 1 1 1 1 1 1 1 1 1 1 1 1 1 1 1 1 1 1 1 1 1 1 1 1
 1 1 1 1 1 1 1 1 1 1 1 1 1 1 1 1 1 1 1 1 1 1 1 1 1 1 1]
 Arcs:    [188, 64, 367, 189, 366, 248, 0, 126, 127, 308, 589, 642, 249, 480, 535, 796, 424, 1076, 1075, 695, 845, 795, 1357, 894, 1031, 1282, 893, 1161, 694, 1320, 1281, 1527, 1616, 941, 1202, 1745, 1203, 1746, 1867, 1587, 1850, 1790, 1119, 1868, 1495, 1900, 1941, 1427, 1849, 1953, 1983, 1428, 1954, 1644, 2008, 1671, 1811, 1665, 1928, 1982, 2011, 2003, 2014] (tree-like network)
 Tour length: 634.142135624

Ant:
 UID:     5092
 Type:    TREE_NET
 Tour:    [27 35 20 26 34 41 47 33 52 42 14 56 19 25 40 53 48 57 60 51 32 55 62 24 63
 59 17 50 45 18 61 31 54 39 11 46 13 12 38 49  7 44 43 58 37  6  3 10 23 30
  8  4  9  2 16  5 22 29 15 36  0 28  1 21]
 Visited: [1 1 1 1 1 1 1 1 1 1 1 1 1 1 1 1 1 1 1 1 1 1 1 1 1 1 1 1 1 1 1 1 1 1 1 1 1
 1 1 1 1 1 1 1 1 1 1 1 1 1 1 1 1 1 1 1 1 1 1 1 1 1 1 1]
 Arcs:    [1357, 1076, 1075, 1320, 1587, 1768, 1558, 1884, 1616, 796, 1953, 795, 1282, 1746, 1885, 1790, 1964, 1997, 1942, 1281, 1941, 2011, 1243, 2015, 2008, 941, 1929, 1849, 986, 2007, 1242, 1928, 1721, 643, 1745, 745, 695, 1494, 1915, 423, 1830, 1811, 2003, 1671, 367, 188, 366, 1203, 1202, 479, 249, 534, 126, 590, 307, 893, 1161, 846, 1644, 1, 1393, 65, 1119] (tree-like network)
 Tour length: 630.0

Ant:
 UID:     5093
 Type:    TREE_NET
 Tour:    [20 14 27 26 19 35 33 42 41 34 47 48  9 40 25 52 46 51 53 39 57 13 18  8 56
 60 45 24  5 12 50 55 31  2 32 17 23 30  7  4 54  3 62 22 16 63 58 61 49 43
 38 11 36 15 10  0  6 59 44 37 29  1 21 28]
 Visited: [1 1 1 1 1 1 1 1 1 1 1 1 1 1 1 1 1 1 1 1 1 1 1 1 1 1 1 1 1 1 1 1 1 1 1 1 1
 1 1 1 1 1 1 1 1 1 1 1 1 1 1 1 1 1 1 1 1 1 1 1 1 1 1 1]
 Arcs:    [796, 1076, 1075, 1032, 1357, 1319, 1616, 1558, 1587, 1768, 1769, 535, 1741, 1275, 1884, 1745, 1867, 1950, 1722, 1954, 534, 745, 480, 1942, 1991, 1850, 986, 308, 479, 1849, 1941, 1242, 127, 1243, 694, 1203, 1202, 424, 126, 1928, 189, 2011, 1162, 893, 2015, 1982, 2003, 1915, 1811, 1494, 643, 1644, 846, 590, 1, 366, 1983, 1696, 1461, 1427, 65, 845, 1393] (tree-like network)
 Tour length: 656.568542495

Ant:
 UID:     5094
 Type:    TREE_NET
 Tour:    [31 24 38 23 30 18 39 17 32 45 25 12 26 40 51 13  8  7 19 46 56 16 34 22 33
  9 60  4 10 41  1 20 52 59 48 37 14 55 50 54 58 11 44 47 53  5 62 49 43 61
 27 63 29 36 42  3  6 57  0  2 35 15 28 21]
 Visited: [1 1 1 1 1 1 1 1 1 1 1 1 1 1 1 1 1 1 1 1 1 1 1 1 1 1 1 1 1 1 1 1 1 1 1 1 1
 1 1 1 1 1 1 1 1 1 1 1 1 1 1 1 1 1 1 1 1 1 1 1 1 1 1 1]
 Arcs:    [1242, 1494, 1203, 1202, 986, 1495, 940, 1526, 1721, 1281, 694, 1275, 1527, 1850, 745, 480, 424, 1031, 1722, 1942, 894, 1320, 893, 1282, 534, 1991, 248, 590, 1558, 65, 1075, 1953, 1990, 1769, 1461, 795, 1983, 1929, 1928, 1982, 643, 1696, 1746, 1950, 308, 2011, 1915, 1811, 2003, 1076, 2015, 1428, 1427, 1790, 189, 366, 1964, 0, 126, 1616, 846, 1393, 1119] (tree-like network)
 Tour length: 638.284271247

Ant:
 UID:     5095
 Type:    TREE_NET
 Tour:    [28 21 15 22 36 10 29 37 16 43 23 17  6 49 11 30 44  3 38 31 54 39 50 55  1
 45 51  7 58 56 60 24 32 52 47 18 12 57 13 61 46 59  0 40 19 41 62 33 63 25
  8  4  5  2 53  9 26 48 14 20 34 42 35 27]
 Visited: [1 1 1 1 1 1 1 1 1 1 1 1 1 1 1 1 1 1 1 1 1 1 1 1 1 1 1 1 1 1 1 1 1 1 1 1 1
 1 1 1 1 1 1 1 1 1 1 1 1 1 1 1 1 1 1 1 1 1 1 1 1 1 1 1]
 Arcs:    [1119, 845, 846, 1393, 589, 1427, 1428, 590, 1434, 894, 940, 366, 1811, 643, 1461, 1671, 188, 1696, 1203, 1915, 1495, 1831, 1929, 64, 1721, 1850, 423, 1982, 1942, 1991, 941, 1243, 1953, 1884, 986, 424, 1954, 745, 2003, 1867, 1983, 0, 1745, 746, 1768, 2008, 1558, 2015, 1031, 479, 248, 307, 1, 1964, 308, 1032, 1900, 535, 796, 1587, 1790, 1616, 1357] (tree-like network)
 Tour length: 634.142135624

Ant:
 UID:     5096
 Type:    TREE_NET
 Tour:    [48 53 41 47 52 57 46 34 26 39 31 40 33 38 32 42 24 45 35 18 51 60 13 62 12
 56 17  9 19 25 59 20 27 14 37 44 63 49 43 61  8 36  5 54 23 50  7 16 29  3
  1 21 22 11 30 55  0  2 15  4 58  6 28 10]
 Visited: [1 1 1 1 1 1 1 1 1 1 1 1 1 1 1 1 1 1 1 1 1 1 1 1 1 1 1 1 1 1 1 1 1 1 1 1 1
 1 1 1 1 1 1 1 1 1 1 1 1 1 1 1 1 1 1 1 1 1 1 1 1 1 1 1]
 Arcs:    [1900, 1769, 1768, 1884, 1954, 1868, 1587, 1320, 1722, 1495, 1746, 1557, 1494, 1527, 1588, 1243, 1721, 1616, 986, 1850, 1997, 745, 2011, 695, 1942, 694, 534, 1032, 1031, 2008, 1075, 1076, 795, 1665, 1696, 2015, 1830, 1670, 2014, 479, 1644, 308, 1915, 1203, 1928, 424, 894, 1427, 189, 64, 1120, 1161, 423, 1461, 1929, 0, 1, 846, 248, 1982, 188, 1119, 366] (tree-like network)
 Tour length: 634.142135624

--------------------------------------------------------------------------------
*** OVERALL BEST ***
Ant:
 UID:     152
 Type:    TREE_NET
 Tour:    [36 28 43 37 44 29 49 21 38 15 50 54 10 16 11 55 58  7 61 51  4 12  2 17  6
 22  3 59 46 30  1 23 18 62 24 32 63 13 60  9 31 45  5  8 14 25  0 20 19 56
 57 52 26 53 27 40 34 39 33 47 42 41 48 35]
 Visited: [1 1 1 1 1 1 1 1 1 1 1 1 1 1 1 1 1 1 1 1 1 1 1 1 1 1 1 1 1 1 1 1 1 1 1 1 1
 1 1 1 1 1 1 1 1 1 1 1 1 1 1 1 1 1 1 1 1 1 1 1 1 1 1 1]
 Arcs:    [1393, 1644, 1670, 1671, 1428, 1830, 1119, 1696, 845, 1831, 1915, 589, 590, 642, 1929, 1982, 423, 2003, 1941, 248, 424, 126, 694, 366, 893, 188, 1983, 1867, 1162, 64, 940, 695, 2008, 941, 1243, 2015, 745, 2011, 534, 1494, 1850, 308, 307, 535, 987, 0, 796, 746, 1991, 1997, 1953, 1032, 1964, 1076, 1527, 1320, 1526, 1282, 1884, 1588, 1587, 1900, 1616] (tree-like network)
 Tour length: 630.0
Runtime: 0:07:37.170535